010122
010122-2
010123
010222
010223
010224
010225
010226
010324
010325
010422
010423
010424
010426
010524
010622
010623
010624
010625
010626
010722
010723
010823
010825
010922
010923
010924
010926
011022
011025
011026
011124
011222
011224
011323
011324
011422
011423
011426
011524
011622
011622-2
011623
011722
011724
011726
011726-1
011726-2
011823
011825
011826
011922
011924
012023
012024
012025
012026
012122
012222
012224
012225
012322
012323
012326
012421
012422
012424
012425
012426
012426-2
012525
012526
012622
012623
012624
012723
012724
012725
012822
012823
012826
012924
012925
013022
013023
013122
013124
013126
020123
020124
020125
020126
020222
020224
020225
020324
020325
020326
020422
020423
020423-2
020424
020525
020526
020622
020622-2
020623
020624
020722
020725
020822
020822-2
020823
020824
020922
020923
020925
021023
021024
021026
021122
021122-2
021124
021125
021126
021225
021324
021326
021422
021423
021425
021426
021524
021525
021526
021622
021623
021624
021723
021725
021726
021822
021823
021823-2
021824
021824-2
021922
021924
021925
021926
022022
022023
022026
022121
022122
022124
022126
022223
022322
022324
022325
022326
022423
022424
022522
022523
022526
022722
022722-2
022723
022724
022725
022726
022822
022825
022826
022924
030123
030125
030126
030222
030225
030323
030324
030422
030425
030426
030524
030525
030622
030623
030626
030724
030822
030823
030922
030924
031025
031122
031123
031124
031225
031322
031322-2
031324
031326
031422
031426
031523
031524
031525
031526
031622
031625
031723
031724
031725
031726
031822
031922
031924
032025
032124
032125
032222
032223
032226
032324
032325
032325-2
032422
032423
032424
032425
032426
032522
032624
032625
032626
032722
032724
032725
032726
032821
032822
032823
032825
032826
032924
032925
032926
033022
033023
033024
033123
033125
033126
040122
040123
040124
040226
040322
040322-2
040323
040324
040422
040426
040523
040524
040622
040625
040626
040723
040723-2
040724
040725
040726
040822
040824
040922
040923
040924
040925
041022
041023
041026
041122
041124
041125
041126
041223
041224
041225
041226
041322
041323
041324
041423
041425
041426
041522
041523
041623
041625
041626
041722
041726
041822
041823
041824
041826
041923
041925
041925-2
042022
042025
042123
042125
042222
042224
042226
042323
042325
042326
042422
042422-2
042423
042424
042522
042525
042526
042624
042625
042722
042723
042726
042823
042824
042825
042826
042922
042922-2
042923
042924
043023
050122
050124
050126
050223
050322
050424
050522
050522-2
050523
050524
050622
050623
050724
050726
050822
050823
050826
050922
050924
050925
050925-2
051022
051023
051025
051025-2
051122
051125
051126
051223
051225
051322
051322-2
051323
051326
051422
051424
051425
051426
051523
051624
051625
051626
051722
051723
051724
051822
051825
051826
051923
051924
052022
052024
052025
052026
052125
052126
052222
052223
052224
052226
052321
052322
052325
052326
052423
052424
052425
052426
052522
052526
052625
052722
052723
052724
052726
052822
052823
052824
052825
052922
052923
052926
053022
053024
053025
053025-2
053122
053123
053126
060121
060122
060124
060221
060222
060224
060226
060325
060421
060422
060424
060522
060523
060525
060526
060621
060622
060624
060625
060626
060626-2
060721
060723
060724
060725
060726
060822
060825
060921
060923
060924
060925
060926
061022
061024
061025-2
061025-3
061025-4
061121
061122
061123
061124
061125
061126
061223
061321
061322
061324
061421
061421-2
061423
061522
061525
061526
061621
061622
061624
061625
061722
061723
061723-2
061724
061725
061821
061822
061823
061823-2
061824
061825
061826
061922
061923
061926
062021
062021-2
062022
062024
062025
062026
062121
062122
062123
062126
062222
062224
062226
062321
062323
062422
062423
062424
062426
062521
062522
062523
062622
062626
062721
062722
062723
062724
062725
062726
062824
062825
062826
062922
062923
062924
062925
063021
063023
063024
063024-2
063026
070122
070124
070221
070223
070226
070323
070324
070326
070421
070421-2
070426
070521
070523
070524
070622
070626
070721
070723
070724
070724-2
070726
070822
070824
070921
070922
070922-2
071021
071022
071022-2
071023
071024
071026
071121
071122
071123
071124
071126
071221
071221-2
071223
071226
071321
071322
071323
071326
071421
071421-2
071421-3
071423
071426
071522
071523
071622
071623
071624
071626
071724
071821
071822
071823
071921
071923
071925
072022
072023
072024
072024-2
072026
072121
072124
072126
072222
072222-2
072224
072321
072321-2
072323
072323-2
072326
072422
072423
072426
072521
072522
072621
072623
072624
072626
072722
072723
072726
072821
072823
072824
072922
072923
072926
073021
073022
073023
073024
073122
080122
080123
080124
080126
080221
080221-2
080222
080223
080226
080322
080323
080324
080421
080424
080621
080622
080623
080624
080626
080722
080723
080822
080824
080921
080923
081022
081121
081123
081124
081126
081222
081222-2
081223
081226
081321
081322
081324
081326
081426
081521
081522
081522-2
081522-3
081526
081621
081623
081623-2
081722
081724
081821
081822
081823
081926
082021
082022
082026
082121
082122
082126
082222
082223
082226
082320
082321
082322
082323
082422
082521
082523
082526
082722
082723
082726
082821
082826
082922
082923
082926
083021
083026
083026-2
083122
083123
083126
090121
090222
090223
090224
090226
090321
090326
090422
090422-2
090423
090424
090426
090521
090522
090621
090622
090623
090624
090722
090724
090821
090823
090826
090922
090923
090923-2
090924
090926
091021
091022
091023
091122
091122-2
091123
091126
091221
091221-2
091224
091321
091322
091323
091326
091422
091423
091424
091521
091523
091622
091623
091624
091626
091721
091722
091722-2
091723
091822
091823
091824
091826
091921
091922
091924
092021
092023
092026
092122
092126
092221
092223
092322
092324
092421
092422
092423
092521
092522
092524
092623
092720
092721
092722
092724
092823
092921
092922
093022
093024
100121
100222
100321
100322
100324
100421
100523
100524
100621
100622
100623
100722
100724
100821
100921
100922
100923
100924
101021
101021-2
101022
101023
101121
101123
101124
101224
101321
101322
101423
101424
101521
101522
101624
101721
101722
101723
101821
101922
101923
101924
102021
102024
102122
102123
102124
102221
102222
102222-2
102223
102322
102322-2
102323
102324
102421
102422
102521
102524
102623
102721
102822
102823
102824
102921
102922
103022
103023
103024
103121
103123
103124
110121
110223
110322
110421
110423
110424
110521
110523
110623
110624
110722
110821
110823
110824
110922
110924
111021
111023
111122
111221
111222
111224
111321
111322
111322-2
111423
111424
111521
111522
111524
111622
111624
111721
111724
111724-2
111822
111921
111922
111923
111924
112022
112022-2
112024
112121
112123
112220
112221
112222
112224
112322
112421
112423
112524
112621
112623
112623-2
112722
112821
112824
112921
112922
112923
113022
113023
113024
120121
120124
120222
120224
120321
120321-2
120323
120423
120424
120521
120621
120622
120623
120724
120821
120822
120823
120924
121021
121022
121023
121122
121122-2
121221
121224
121321
121322
121423
121424
121521
121522
121623
121721
121722
121723
121822
121822-2
121823
121824
121921
122020
122021
122022
122023
122223
122321
122322
122421
122422
122423
122424
122621
122623
122721
122722
122823
122825
122921
122922
122925
123023
123024
123025
123125
d1_synced
wrangler-account